[2.53674210e+01 3.37077802e-18]
[2.72311655e+01 2.99532323e-17]
[2.77219050e+01 2.16164669e-17]
[2.78127761e+01 7.06629140e-17]
[2.79587812e+01 3.90926909e-16]
[2.84162148e+01 3.54621527e-15]
[2.93493151e+01 1.19097146e-17]
[3.08504674e+01 6.17287586e-16]
[3.29016718e+01 1.13363682e-15]
[3.52778204e+01 1.42254538e-14]
[3.74202296e+01 8.61752085e-16]
[3.83895459e+01 3.62029332e-16]
[3.74202296e+01 8.61752536e-16]
[3.52778204e+01 1.42254543e-14]
[3.29016718e+01 1.13363567e-15]
[3.08504674e+01 6.17287079e-16]
[2.93493151e+01 1.19097167e-17]
[2.84162148e+01 3.54621506e-15]
[2.79587812e+01 3.90926913e-16]
[2.78127761e+01 7.06628945e-17]
[2.77219050e+01 2.16164096e-17]
[2.72311655e+01 2.99532534e-17]
[2.53674210e+01 3.37077922e-18]
